# Generated by: CountSamPositionErrors(-t,F3,-o,/panfs/imb/seq_mapped/S0414_20100607_2_FragBC/20101209/position_errors/S0414_20100607_2_FragBC_bcA10_01.wt_F3_positionErrors.txt,-r,/panfs/imb/share/genomes/GRCh37_ICGC_standard_v2/GRCh37_ICGC_standard_v2.fa,-s,1,-b,false,/panfs/imb/seq_mapped/S0414_20100607_2_FragBC/20101209/mapping/S0414_20100607_2_FragBC_bcA10_01.wt.bam)
# Version: Bioscope version: bioscope-v1.2.1-rBS121_Final_47775_20100625065850 
# Date: 12/09/2010 04:19 PM
#? Sampling period = 1
#? Total read positions = 483680450
#? Missing color calls = 1056754
# Unresolved reference positions 478
##position_[refCall][readCall]	nErrors	nReadOccurrences	Error frequency
1_01	8661	1439778	0.0060
1_02	19571	2320882	0.0084
1_03	12227	3712187	0.0033
1_10	10353	2200724	0.0047
1_12	11404	2320882	0.0049
1_13	18237	3712187	0.0049
1_20	18480	2200724	0.0084
1_21	6443	1439778	0.0045
1_23	29468	3712187	0.0079
1_30	13265	2200724	0.0060
1_31	32103	1439778	0.0223
1_32	24586	2320882	0.0106
2_01	18485	2451164	0.0075
2_02	19525	2725597	0.0072
2_03	8086	2104087	0.0038
2_10	11870	2363521	0.0050
2_12	8873	2725597	0.0033
2_13	39065	2104087	0.0186
2_20	22678	2363521	0.0096
2_21	7026	2451164	0.0029
2_23	18555	2104087	0.0088
2_30	5369	2363521	0.0023
2_31	13703	2451164	0.0056
2_32	6488	2725597	0.0024
3_01	4183	1900526	0.0022
3_02	5315	2965390	0.0018
3_03	4190	2042662	0.0021
3_10	6458	2763530	0.0023
3_12	2796	2965390	0.0009
3_13	7181	2042662	0.0035
3_20	10126	2763530	0.0037
3_21	2789	1900526	0.0015
3_23	7186	2042662	0.0035
3_30	3809	2763530	0.0014
3_31	4267	1900526	0.0022
3_32	2873	2965390	0.0010
4_01	9996	2573141	0.0039
4_02	12192	2471131	0.0049
4_03	6934	2555272	0.0027
4_10	3604	2067105	0.0017
4_12	3117	2471131	0.0013
4_13	5868	2555272	0.0023
4_20	6218	2067105	0.0030
4_21	3695	2573141	0.0014
4_23	4755	2555272	0.0019
4_30	3131	2067105	0.0015
4_31	5343	2573141	0.0021
4_32	2697	2471131	0.0011
5_01	3402	2241240	0.0015
5_02	8371	2457236	0.0034
5_03	5817	2516945	0.0023
5_10	4290	2457328	0.0017
5_12	8628	2457236	0.0035
5_13	10742	2516945	0.0043
5_20	14091	2457328	0.0057
5_21	7860	2241240	0.0035
5_23	31352	2516945	0.0125
5_30	4533	2457328	0.0018
5_31	5133	2241240	0.0023
5_32	6010	2457236	0.0024
6_01	13263	2347973	0.0056
6_02	8526	2856405	0.0030
6_03	27383	1890787	0.0145
6_10	9469	2578263	0.0037
6_12	4876	2856405	0.0017
6_13	14956	1890787	0.0079
6_20	10651	2578263	0.0041
6_21	3212	2347973	0.0014
6_23	15302	1890787	0.0081
6_30	4254	2578263	0.0016
6_31	1944	2347973	0.0008
6_32	1491	2856405	0.0005
7_01	7851	2438994	0.0032
7_02	9942	2792897	0.0036
7_03	4677	1811740	0.0026
7_10	17598	2628973	0.0067
7_12	12364	2792897	0.0044
7_13	9899	1811740	0.0055
7_20	13070	2628973	0.0050
7_21	12265	2438994	0.0050
7_23	7405	1811740	0.0041
7_30	7741	2628973	0.0029
7_31	8992	2438994	0.0037
7_32	5309	2792897	0.0019
8_01	18538	2109554	0.0088
8_02	13833	2057437	0.0067
8_03	9790	2017754	0.0049
8_10	11234	3488591	0.0032
8_12	5682	2057437	0.0028
8_13	9526	2017754	0.0047
8_20	13496	3488591	0.0039
8_21	5798	2109554	0.0027
8_23	5970	2017754	0.0030
8_30	8312	3488591	0.0024
8_31	6187	2109554	0.0029
8_32	1981	2057437	0.0010
9_01	5517	2089674	0.0026
9_02	10488	2436225	0.0043
9_03	12376	1955936	0.0063
9_10	6467	3186177	0.0020
9_12	5346	2436225	0.0022
9_13	15619	1955936	0.0080
9_20	14195	3186177	0.0045
9_21	4505	2089674	0.0022
9_23	19847	1955936	0.0101
9_30	9891	3186177	0.0031
9_31	9282	2089674	0.0044
9_32	8095	2436225	0.0033
10_01	17754	1960792	0.0091
10_02	12575	2449908	0.0051
10_03	47309	2450522	0.0193
10_10	9996	2810861	0.0036
10_12	5231	2449908	0.0021
10_13	18508	2450522	0.0076
10_20	20337	2810861	0.0072
10_21	11350	1960792	0.0058
10_23	43806	2450522	0.0179
10_30	8638	2810861	0.0031
10_31	5843	1960792	0.0030
10_32	2310	2449908	0.0009
11_01	6715	2274683	0.0030
11_02	9162	2286269	0.0040
11_03	11741	2041753	0.0058
11_10	13849	3070714	0.0045
11_12	6286	2286269	0.0027
11_13	18428	2041753	0.0090
11_20	16599	3070714	0.0054
11_21	7958	2274683	0.0035
11_23	16920	2041753	0.0083
11_30	22419	3070714	0.0073
11_31	16047	2274683	0.0071
11_32	8868	2286269	0.0039
12_01	14996	2637952	0.0057
12_02	9203	2401665	0.0038
12_03	9986	1963410	0.0051
12_10	19157	2669848	0.0072
12_12	9194	2401665	0.0038
12_13	13718	1963410	0.0070
12_20	18073	2669848	0.0068
12_21	20310	2637952	0.0077
12_23	15538	1963410	0.0079
12_30	9399	2669848	0.0035
12_31	13642	2637952	0.0052
12_32	3562	2401665	0.0015
13_01	8263	2090874	0.0040
13_02	11835	2671607	0.0044
13_03	24284	2038575	0.0119
13_10	9078	2871190	0.0032
13_12	10413	2671607	0.0039
13_13	37430	2038575	0.0184
13_20	12541	2871190	0.0044
13_21	6404	2090874	0.0031
13_23	31413	2038575	0.0154
13_30	8609	2871190	0.0030
13_31	10355	2090874	0.0050
13_32	6614	2671607	0.0025
14_01	33330	2386233	0.0140
14_02	17316	2181342	0.0079
14_03	11454	1845956	0.0062
14_10	10102	3259827	0.0031
14_12	16855	2181342	0.0077
14_13	10287	1845956	0.0056
14_20	9540	3259827	0.0029
14_21	18153	2386233	0.0076
14_23	4743	1845956	0.0026
14_30	5824	3259827	0.0018
14_31	21147	2386233	0.0089
14_32	6072	2181342	0.0028
15_01	33843	2444387	0.0138
15_02	12178	2116481	0.0058
15_03	106450	2183851	0.0487
15_10	6784	2928806	0.0023
15_12	7246	2116481	0.0034
15_13	37954	2183851	0.0174
15_20	11038	2928806	0.0038
15_21	22764	2444387	0.0093
15_23	32905	2183851	0.0151
15_30	4076	2928806	0.0014
15_31	9398	2444387	0.0038
15_32	1990	2116481	0.0009
16_01	7045	2440278	0.0029
16_02	14975	2504685	0.0060
16_03	12678	1907950	0.0066
16_10	20661	2820552	0.0073
16_12	25586	2504685	0.0102
16_13	22143	1907950	0.0116
16_20	30124	2820552	0.0107
16_21	15210	2440278	0.0062
16_23	18370	1907950	0.0096
16_30	11532	2820552	0.0041
16_31	6542	2440278	0.0027
16_32	10878	2504685	0.0043
17_01	7891	2255388	0.0035
17_02	12240	2441723	0.0050
17_03	20602	2017131	0.0102
17_10	27595	2959206	0.0093
17_12	14308	2441723	0.0059
17_13	56311	2017131	0.0279
17_20	25872	2959206	0.0087
17_21	8006	2255388	0.0035
17_23	42809	2017131	0.0212
17_30	22873	2959206	0.0077
17_31	9032	2255388	0.0040
17_32	8497	2441723	0.0035
18_01	33409	2427118	0.0138
18_02	12984	2678903	0.0048
18_03	11210	1719579	0.0065
18_10	17065	2847961	0.0060
18_12	8135	2678903	0.0030
18_13	12128	1719579	0.0071
18_20	15987	2847961	0.0056
18_21	39852	2427118	0.0164
18_23	8594	1719579	0.0050
18_30	11627	2847961	0.0041
18_31	33462	2427118	0.0138
18_32	5415	2678903	0.0020
19_01	10674	2870581	0.0037
19_02	25174	2225379	0.0113
19_03	11343	1876262	0.0060
19_10	15945	2696721	0.0059
19_12	26258	2225379	0.0118
19_13	18688	1876262	0.0100
19_20	34777	2696721	0.0129
19_21	16273	2870581	0.0057
19_23	19423	1876262	0.0104
19_30	16906	2696721	0.0063
19_31	9290	2870581	0.0032
19_32	13890	2225379	0.0062
20_01	25563	2378150	0.0107
20_02	20953	2170191	0.0097
20_03	39943	1981995	0.0202
20_10	12755	3143057	0.0041
20_12	10002	2170191	0.0046
20_13	19764	1981995	0.0100
20_20	20196	3143057	0.0064
20_21	15150	2378150	0.0064
20_23	28692	1981995	0.0145
20_30	9602	3143057	0.0031
20_31	10098	2378150	0.0042
20_32	5315	2170191	0.0024
21_01	25316	2276500	0.0111
21_02	12787	2212135	0.0058
21_03	19398	2569418	0.0075
21_10	28229	2615476	0.0108
21_12	8608	2212135	0.0039
21_13	24882	2569418	0.0097
21_20	32297	2615476	0.0123
21_21	43117	2276500	0.0189
21_23	36717	2569418	0.0143
21_30	20934	2615476	0.0080
21_31	22461	2276500	0.0099
21_32	6376	2212135	0.0029
22_01	17944	2147026	0.0084
22_02	28327	2365147	0.0120
22_03	25336	2578762	0.0098
22_10	25330	2582558	0.0098
22_12	25922	2365147	0.0110
22_13	27088	2578762	0.0105
22_20	25410	2582558	0.0098
22_21	12966	2147026	0.0060
22_23	15799	2578762	0.0061
22_30	27118	2582558	0.0105
22_31	17084	2147026	0.0080
22_32	29667	2365147	0.0125
23_01	27253	2375308	0.0115
23_02	28917	2197653	0.0132
23_03	65888	2551949	0.0258
23_10	17418	2548511	0.0068
23_12	17930	2197653	0.0082
23_13	40822	2551949	0.0160
23_20	20566	2548511	0.0081
23_21	18999	2375308	0.0080
23_23	35334	2551949	0.0138
23_30	12833	2548511	0.0050
23_31	15869	2375308	0.0067
23_32	9855	2197653	0.0045
24_01	22099	2557275	0.0086
24_02	26609	2244843	0.0119
24_03	28819	2038678	0.0141
24_10	41326	2832176	0.0146
24_12	23657	2244843	0.0105
24_13	51298	2038678	0.0252
24_20	42704	2832176	0.0151
24_21	29447	2557275	0.0115
24_23	39393	2038678	0.0193
24_30	16121	2832176	0.0057
24_31	15514	2557275	0.0061
24_32	13778	2244843	0.0061
25_01	38780	2137207	0.0181
25_02	34323	2218587	0.0155
25_03	76292	2106111	0.0362
25_10	31250	3209601	0.0097
25_12	16340	2218587	0.0074
25_13	34449	2106111	0.0164
25_20	41943	3209601	0.0131
25_21	30520	2137207	0.0143
25_23	42722	2106111	0.0203
25_30	18882	3209601	0.0059
25_31	15527	2137207	0.0073
25_32	14386	2218587	0.0065
26_01	18392	2196034	0.0084
26_02	26414	2238203	0.0118
26_03	29402	2536451	0.0116
26_10	26307	2691875	0.0098
26_12	27848	2238203	0.0124
26_13	35588	2536451	0.0140
26_20	47837	2691875	0.0178
26_21	24324	2196034	0.0111
26_23	47346	2536451	0.0187
26_30	17863	2691875	0.0066
26_31	13783	2196034	0.0063
26_32	15883	2238203	0.0071
27_01	14702	2145877	0.0069
27_02	29500	2454670	0.0120
27_03	23777	2347496	0.0101
27_10	41055	2725206	0.0151
27_12	38249	2454670	0.0156
27_13	37257	2347496	0.0159
27_20	55021	2725206	0.0202
27_21	17483	2145877	0.0081
27_23	25082	2347496	0.0107
27_30	18612	2725206	0.0068
27_31	11470	2145877	0.0053
27_32	19702	2454670	0.0080
28_01	19033	2300848	0.0083
28_02	65761	3128768	0.0210
28_03	23929	1830073	0.0131
28_10	21366	2404794	0.0089
28_12	43900	3128768	0.0140
28_13	43724	1830073	0.0239
28_20	31014	2404794	0.0129
28_21	22256	2300848	0.0097
28_23	28219	1830073	0.0154
28_30	12036	2404794	0.0050
28_31	12520	2300848	0.0054
28_32	16495	3128768	0.0053
29_01	11115	2237393	0.0050
29_02	30130	2849258	0.0106
29_03	20323	2035681	0.0100
29_10	35199	2541685	0.0138
29_12	42412	2849258	0.0149
29_13	26875	2035681	0.0132
29_20	68103	2541685	0.0268
29_21	17633	2237393	0.0079
29_23	22059	2035681	0.0108
29_30	19660	2541685	0.0077
29_31	16208	2237393	0.0072
29_32	33850	2849258	0.0119
30_01	37051	2296676	0.0161
30_02	32027	2338690	0.0137
30_03	38471	2627527	0.0146
30_10	12758	2399354	0.0053
30_12	17623	2338690	0.0075
30_13	22456	2627527	0.0085
30_20	18081	2399354	0.0075
30_21	21637	2296676	0.0094
30_23	23716	2627527	0.0090
30_30	16578	2399354	0.0069
30_31	23779	2296676	0.0104
30_32	20395	2338690	0.0087
31_01	16168	2009921	0.0080
31_02	52012	2459763	0.0211
31_03	39606	2604810	0.0152
31_10	26092	2576215	0.0101
31_12	57959	2459763	0.0236
31_13	47207	2604810	0.0181
31_20	20920	2576215	0.0081
31_21	11848	2009921	0.0059
31_23	27094	2604810	0.0104
31_30	10149	2576215	0.0039
31_31	10803	2009921	0.0054
31_32	18943	2459763	0.0077
32_01	21785	2077119	0.0105
32_02	75037	2331143	0.0322
32_03	22733	2583422	0.0088
32_10	36325	2681755	0.0135
32_12	50202	2331143	0.0215
32_13	28472	2583422	0.0110
32_20	24792	2681755	0.0092
32_21	11290	2077119	0.0054
32_23	13525	2583422	0.0052
32_30	21337	2681755	0.0080
32_31	13899	2077119	0.0067
32_32	43417	2331143	0.0186
33_01	47139	2285647	0.0206
33_02	38322	2427842	0.0158
33_03	22077	2194142	0.0101
33_10	13951	2755909	0.0051
33_12	15943	2427842	0.0066
33_13	17682	2194142	0.0081
33_20	22924	2755909	0.0083
33_21	32400	2285647	0.0142
33_23	15172	2194142	0.0069
33_30	22048	2755909	0.0080
33_31	28746	2285647	0.0126
33_32	16421	2427842	0.0068
34_01	43503	2258544	0.0193
34_02	56401	2843999	0.0198
34_03	20172	1792241	0.0113
34_10	21432	2763627	0.0078
34_12	32975	2843999	0.0116
34_13	52947	1792241	0.0295
34_20	18520	2763627	0.0067
34_21	21420	2258544	0.0095
34_23	11348	1792241	0.0063
34_30	14220	2763627	0.0051
34_31	20061	2258544	0.0089
34_32	25840	2843999	0.0091
35_01	31721	2371753	0.0134
35_02	19210	2135764	0.0090
35_03	82044	2675067	0.0307
35_10	41052	2464561	0.0167
35_12	14819	2135764	0.0069
35_13	295815	2675067	0.1106
35_20	24142	2464561	0.0098
35_21	35420	2371753	0.0149
35_23	72224	2675067	0.0270
35_30	10480	2464561	0.0043
35_31	12263	2371753	0.0052
35_32	5496	2135764	0.0026
36_01	17671	2198671	0.0080
36_02	29688	2351018	0.0126
36_03	35080	2580492	0.0136
36_10	26436	2503565	0.0106
36_12	26110	2351018	0.0111
36_13	70334	2580492	0.0273
36_20	26599	2503565	0.0106
36_21	15508	2198671	0.0071
36_23	29894	2580492	0.0116
36_30	15542	2503565	0.0062
36_31	11189	2198671	0.0051
36_32	12790	2351018	0.0054
37_01	23752	2507161	0.0095
37_02	31259	2063909	0.0151
37_03	38552	1962470	0.0196
37_10	34444	3133492	0.0110
37_12	21060	2063909	0.0102
37_13	35801	1962470	0.0182
37_20	42581	3133492	0.0136
37_21	17732	2507161	0.0071
37_23	39253	1962470	0.0200
37_30	28418	3133492	0.0091
37_31	14298	2507161	0.0057
37_32	11365	2063909	0.0055
38_01	39428	2359739	0.0167
38_02	30140	2227823	0.0135
38_03	22076	1946963	0.0113
38_10	17985	3130652	0.0057
38_12	14463	2227823	0.0065
38_13	14939	1946963	0.0077
38_20	24862	3130652	0.0079
38_21	24670	2359739	0.0105
38_23	13425	1946963	0.0069
38_30	25351	3130652	0.0081
38_31	25703	2359739	0.0109
38_32	15571	2227823	0.0070
39_01	23524	2135712	0.0110
39_02	27175	2233600	0.0122
39_03	35013	2554603	0.0137
39_10	29709	2693781	0.0110
39_12	50623	2233600	0.0227
39_13	45787	2554603	0.0179
39_20	26432	2693781	0.0098
39_21	16216	2135712	0.0076
39_23	27402	2554603	0.0107
39_30	25210	2693781	0.0094
39_31	14754	2135712	0.0069
39_32	18694	2233600	0.0084
40_01	25890	2355399	0.0110
40_02	32956	2261128	0.0146
40_03	34913	2399202	0.0146
40_10	15375	2629402	0.0058
40_12	18223	2261128	0.0081
40_13	36600	2399202	0.0153
40_20	18637	2629402	0.0071
40_21	15216	2355399	0.0065
40_23	16891	2399202	0.0070
40_30	39031	2629402	0.0148
40_31	28842	2355399	0.0122
40_32	33575	2261128	0.0148
41_01	18083	2292869	0.0079
41_02	26301	2067277	0.0127
41_03	54065	2537893	0.0213
41_10	31977	2712615	0.0118
41_12	23992	2067277	0.0116
41_13	364632	2537893	0.1437
41_20	26713	2712615	0.0098
41_21	14033	2292869	0.0061
41_23	56351	2537893	0.0222
41_30	10612	2712615	0.0039
41_31	8339	2292869	0.0036
41_32	8366	2067277	0.0040
42_01	16091	2172567	0.0074
42_02	20276	2074435	0.0098
42_03	24719	2014150	0.0123
42_10	73283	3396668	0.0216
42_12	22019	2074435	0.0106
42_13	23459	2014150	0.0116
42_20	61826	3396668	0.0182
42_21	17621	2172567	0.0081
42_23	21520	2014150	0.0107
42_30	37419	3396668	0.0110
42_31	14364	2172567	0.0066
42_32	10831	2074435	0.0052
43_01	40187	2356045	0.0171
43_02	21795	2472774	0.0088
43_03	24985	1913207	0.0131
43_10	16621	2876160	0.0058
43_12	11080	2472774	0.0045
43_13	15531	1913207	0.0081
43_20	42009	2876160	0.0146
43_21	34955	2356045	0.0148
43_23	23174	1913207	0.0121
43_30	18091	2876160	0.0063
43_31	19865	2356045	0.0084
43_32	10684	2472774	0.0043
44_01	20495	2185540	0.0094
44_02	27444	2179878	0.0126
44_03	31462	1947070	0.0162
44_10	28805	3324854	0.0087
44_12	14020	2179878	0.0064
44_13	15405	1947070	0.0079
44_20	36437	3324854	0.0110
44_21	17133	2185540	0.0078
44_23	13093	1947070	0.0067
44_30	25992	3324854	0.0078
44_31	14762	2185540	0.0068
44_32	20959	2179878	0.0096
45_01	16136	1945619	0.0083
45_02	28262	2251898	0.0126
45_03	128995	2127049	0.0606
45_10	27546	3251119	0.0085
45_12	17288	2251898	0.0077
45_13	32055	2127049	0.0151
45_20	19767	3251119	0.0061
45_21	7804	1945619	0.0040
45_23	19795	2127049	0.0093
45_30	13863	3251119	0.0043
45_31	6285	1945619	0.0032
45_32	13102	2251898	0.0058
46_01	11666	2319154	0.0050
46_02	10847	2569173	0.0042
46_03	24762	2065892	0.0120
46_10	26216	2622502	0.0100
46_12	15299	2569173	0.0060
46_13	40068	2065892	0.0194
46_20	26846	2622502	0.0102
46_21	16221	2319154	0.0070
46_23	44835	2065892	0.0217
46_30	10190	2622502	0.0039
46_31	4428	2319154	0.0019
46_32	4104	2569173	0.0016
47_01	9140	2070159	0.0044
47_02	18314	2179105	0.0084
47_03	10401	1943892	0.0054
47_10	38460	3458510	0.0111
47_12	15834	2179105	0.0073
47_13	20310	1943892	0.0104
47_20	42184	3458510	0.0122
47_21	11923	2070159	0.0058
47_23	16768	1943892	0.0086
47_30	27241	3458510	0.0079
47_31	8327	2070159	0.0040
47_32	7271	2179105	0.0033
48_01	0	2548996	0.0000
48_02	0	2360623	0.0000
48_03	0	1885597	0.0000
48_10	0	2778129	0.0000
48_12	0	2360623	0.0000
48_13	0	1885597	0.0000
48_20	0	2778129	0.0000
48_21	0	2548996	0.0000
48_23	0	1885597	0.0000
48_30	0	2778129	0.0000
48_31	0	2548996	0.0000
48_32	0	2360623	0.0000
49_01	0	1967240	0.0000
49_02	0	2816416	0.0000
49_03	0	2052752	0.0000
49_10	0	2706091	0.0000
49_12	0	2816416	0.0000
49_13	0	2052752	0.0000
49_20	0	2706091	0.0000
49_21	0	1967240	0.0000
49_23	0	2052752	0.0000
49_30	0	2706091	0.0000
49_31	0	1967240	0.0000
49_32	0	2816416	0.0000
50_01	0	2070668	0.0000
50_02	0	2615276	0.0000
50_03	0	2168721	0.0000
50_10	0	2694465	0.0000
50_12	0	2615276	0.0000
50_13	0	2168721	0.0000
50_20	0	2694465	0.0000
50_21	0	2070668	0.0000
50_23	0	2168721	0.0000
50_30	0	2694465	0.0000
50_31	0	2070668	0.0000
50_32	0	2615276	0.0000
